1 0.8317307692307693 0.44711538461538464 0.0889423076923077 0.14423076923076922
1 0.9399038461538461 0.3894230769230769 0.11778846153846154 0.18509615384615385
1 0.5336538461538461 0.484375 0.06971153846153846 0.11538461538461539
1 0.06850961538461539 0.44711538461538464 0.13701923076923078 0.23076923076923078
1 0.7608173076923077 0.4699519230769231 0.06971153846153846 0.11538461538461539
1 0.671875 0.46033653846153844 0.07451923076923077 0.10336538461538461
1 0.19110576923076922 0.5216346153846154 0.07211538461538461 0.12259615384615384
1 0.3329326923076923 0.4795673076923077 0.06971153846153846 0.10336538461538461
1 0.2439903846153846 0.4795673076923077 0.0625 0.11298076923076923
1 0.41947115384615385 0.4795673076923077 0.06009615384615385 0.10576923076923077
1 0.12620192307692307 0.5048076923076923 0.06971153846153846 0.15144230769230768