1 0.04567307692307692 0.2920673076923077 0.06490384615384616 0.18028846153846154
0 0.5084134615384616 0.46634615384615385 0.10817307692307693 0.16105769230769232
0 0.3605769230769231 0.46033653846153844 0.10096153846153846 0.15865384615384615
0 0.6466346153846154 0.5264423076923077 0.10817307692307693 0.18269230769230768
0 0.6983173076923077 0.5600961538461539 0.07932692307692307 0.13942307692307693
0 0.5588942307692307 0.37740384615384615 0.07451923076923077 0.11538461538461539
0 0.453125 0.35336538461538464 0.07451923076923077 0.11778846153846154
0 0.9591346153846154 0.47475961538461536 0.0625 0.10817307692307693
0 0.8245192307692307 0.4362980769230769 0.06971153846153846 0.11298076923076923
0 0.8185096153846154 0.3713942307692308 0.06009615384615385 0.0985576923076923
0 0.3629807692307692 0.3786057692307692 0.08413461538461539 0.11057692307692307
0 0.8581730769230769 0.47716346153846156 0.06009615384615385 0.11298076923076923
0 0.8774038461538461 0.39783653846153844 0.06009615384615385 0.0889423076923077
0 0.47115384615384615 0.4254807692307692 0.0625 0.11057692307692307
0 0.9399038461538461 0.4423076923076923 0.04807692307692308 0.08653846153846154
0 0.9927884615384616 0.43149038461538464 0.014423076923076924 0.09375