1 0.9771634615384616 0.4230769230769231 0.04567307692307692 0.18269230769230768
0 0.49038461538461536 0.4723557692307692 0.10096153846153846 0.15865384615384615
0 0.6346153846153846 0.5072115384615384 0.09375 0.15865384615384615
0 0.3401442307692308 0.4951923076923077 0.10096153846153846 0.18028846153846154
0 0.28125 0.515625 0.07211538461538461 0.13701923076923078
0 0.4639423076923077 0.3737980769230769 0.06971153846153846 0.11298076923076923
0 0.5733173076923077 0.3786057692307692 0.06971153846153846 0.11538461538461539
0 0.05048076923076923 0.3641826923076923 0.06009615384615385 0.10576923076923077
0 0.19230769230769232 0.36177884615384615 0.06490384615384616 0.11298076923076923
0 0.2127403846153846 0.3004807692307692 0.055288461538461536 0.09615384615384616
0 0.6526442307692307 0.4254807692307692 0.07932692307692307 0.10817307692307693
0 0.14783653846153846 0.3942307692307692 0.055288461538461536 0.11057692307692307
0 0.14903846153846154 0.3112980769230769 0.055288461538461536 0.08653846153846154
0 0.5360576923076923 0.4423076923076923 0.057692307692307696 0.10817307692307693
0 0.07692307692307693 0.33653846153846156 0.04567307692307692 0.08653846153846154
0 0.021634615384615384 0.3112980769230769 0.019230769230769232 0.09375