1 0.10697115384615384 0.36177884615384615 0.040865384615384616 0.10096153846153846
1 0.28365384615384615 0.35216346153846156 0.08653846153846154 0.1875
1 0.41346153846153844 0.34975961538461536 0.09134615384615384 0.18509615384615385
0 0.5420673076923077 0.359375 0.0625 0.14182692307692307
0 0.18389423076923078 0.3269230769230769 0.057692307692307696 0.12259615384615384
0 0.05048076923076923 0.33052884615384615 0.052884615384615384 0.13942307692307693
0 0.9615384615384616 0.46153846153846156 0.05048076923076923 0.12259615384615384
0 0.8185096153846154 0.38822115384615385 0.06971153846153846 0.12980769230769232
0 0.7415865384615384 0.43028846153846156 0.04326923076923077 0.10817307692307693
0 0.6838942307692307 0.4206730769230769 0.07451923076923077 0.1346153846153846
0 0.640625 0.45913461538461536 0.04326923076923077 0.12740384615384615
0 0.5841346153846154 0.4495192307692308 0.04807692307692308 0.11538461538461539