1 0.8978365384615384 0.3112980769230769 0.04807692307692308 0.10336538461538461
1 0.7211538461538461 0.3137019230769231 0.10096153846153846 0.19471153846153846
1 0.5913461538461539 0.31971153846153844 0.10336538461538461 0.18990384615384615
0 0.4639423076923077 0.3389423076923077 0.07451923076923077 0.1466346153846154
0 0.8185096153846154 0.28125 0.06490384615384616 0.12740384615384615
0 0.953125 0.27524038461538464 0.0625 0.14182692307692307
0 0.051682692307692304 0.4699519230769231 0.06009615384615385 0.125
0 0.19110576923076922 0.3870192307692308 0.07932692307692307 0.1346153846153846
0 0.2692307692307692 0.4230769230769231 0.052884615384615384 0.11057692307692307
0 0.32572115384615385 0.4098557692307692 0.08413461538461539 0.13942307692307693
0 0.37259615384615385 0.44471153846153844 0.05048076923076923 0.12980769230769232
0 0.42788461538461536 0.43149038461538464 0.057692307692307696 0.11778846153846154