1 0.08413461538461539 0.4230769230769231 0.04326923076923077 0.09134615384615384
1 0.2403846153846154 0.4014423076923077 0.09134615384615384 0.17548076923076922
1 0.3545673076923077 0.38822115384615385 0.09615384615384616 0.17067307692307693
0 0.47115384615384615 0.38822115384615385 0.0673076923076923 0.12980769230769232
0 0.1502403846153846 0.3858173076923077 0.06009615384615385 0.11298076923076923
0 0.030048076923076924 0.40024038461538464 0.057692307692307696 0.12740384615384615
0 0.8521634615384616 0.44471153846153844 0.055288461538461536 0.11298076923076923
0 0.71875 0.3918269230769231 0.07211538461538461 0.12259615384615384
0 0.6538461538461539 0.43509615384615385 0.04807692307692308 0.0985576923076923
0 0.6009615384615384 0.43028846153846156 0.07692307692307693 0.125
0 0.5661057692307693 0.46875 0.04807692307692308 0.11538461538461539
0 0.515625 0.4651442307692308 0.052884615384615384 0.10576923076923077