0 0.4795673076923077 0.5276442307692307 0.12980769230769232 0.18509615384615385
0 0.32091346153846156 0.5817307692307693 0.12259615384615384 0.18509615384615385
0 0.6526442307692307 0.5348557692307693 0.13221153846153846 0.2091346153846154
0 0.7223557692307693 0.5504807692307693 0.09615384615384616 0.15865384615384615
0 0.4987980769230769 0.41466346153846156 0.09134615384615384 0.13221153846153846
0 0.3762019230769231 0.43149038461538464 0.09134615384615384 0.1346153846153846
0 0.9579326923076923 0.3545673076923077 0.06490384615384616 0.1201923076923077
0 0.8028846153846154 0.36658653846153844 0.08413461538461539 0.12980769230769232
0 0.7716346153846154 0.3004807692307692 0.07211538461538461 0.11298076923076923
0 0.29086538461538464 0.49278846153846156 0.10096153846153846 0.12740384615384615
0 0.8581730769230769 0.39663461538461536 0.07451923076923077 0.12740384615384615
0 0.8461538461538461 0.30528846153846156 0.07211538461538461 0.10096153846153846
0 0.4254807692307692 0.4987980769230769 0.07692307692307693 0.12740384615384615
0 0.9302884615384616 0.32572115384615385 0.06009615384615385 0.0985576923076923